100
-833.767
589
525.552  1036.6  420.508  765.817
793.982  837.916  619.544  580.46
684.698  696.51  557.884  447.952
1063.52  524.584  847.952  354.577
650.919  776.067  524.832  512.368
120.484  800.417  164.903  506.466
840.878  1054.42  646.082  808.198
845.61  1019.04  650.037  769.954
355.806  803.331  316.809  511.751
884.441  890.813  679.978  637.898
961.683  628.758  760.72  420.475
1139.82  550.602  898.654  381.708
619.757  718.933  510.439  461.471
178.97  700.623  211.879  410.594
204.69  777.689  218.715  480.214
575.505  868.085  463.221  590.687
719.146  688.209  582.365  443.589
568.789  1069.64  452.708  810.444
1245.64  781.884  947.393  572.763
623.764  1044.95  491.743  784.358
1198.61  918.214  903.976  690.075
654.884  960.112  515.694  692.802
657.22  708.752  537.784  456.254
645.533  1088.12  507.757  837.046
831.717  876.076  645.473  622.794
541.999  883.153  438.058  601.393
1208.7  923.983  910.743  695.55
306.233  764.697  287.991  473.4
801.552  695.831  638.907  456.845
1145.08  548.018  901.765  379.395
641.549  686.955  530.194  437.568
795.973  614.828  645.091  391.885
350.943  1013.86  292.419  718.662
1133.38  953.315  853.667  716.212
808.015  976.964  625.426  724.064
1037.78  729.028  801.213  505.828
500.262  1018.7  402.041  742.43
405.172  665.512  369.861  398.921
791.604  924.643  613.865  666.692
733.754  855.866  575.374  591.388
536.378  694.998  458.416  438.765
1046.65  156.399  893.836  107.452
824.806  502.856  681.174  310.856
432.812  662.744  389.715  399.997
174.962  926.365  174.188  607.951
1059.07  906.544  805.333  668.904
648.49  768.136  523.67  504.283
621.568  1056.39  489.006  796.223
688.668  698.414  559.982  449.662
759.769  937.887  592.045  679.052
626.325  1057.95  492.583  797.732
818.3  1065.37  631.501  822.207
207.975  1115.52  190.625  833.583
644.36  768.25  521.406  504.921
1073.12  418.561  869.306  280.005
607.313  747.536  497.395  483.838
722.654  952.898  571.12  701.463
201.072  637.184  233.874  354.462
982.758  566.404  783.57  374.254
816.87  881.341  630.085  618.792
683.003  679.151  558.89  434.077
1040.05  629.278  815.462  427.241
991.633  871.138  756.156  625.367
1136.61  597.734  890.819  416.822
1126.2  825.264  854.666  593.898
182.427  208.848  314.024  69.6707
697.425  738.694  561.059  484.079
677.601  1010.53  530.855  750.588
1205.29  622.645  933.84  439.938
682.462  1039.42  534.656  783.097
1152.48  542.965  906.864  375.754
1126.56  568.25  888.023  395.671
661.501  992.633  518.635  726.429
588.874  969.65  467.811  696.16
1044.05  793.986  797.628  559.199
905.446  831.109  699.423  585.134
1120.11  897.537  847.344  661.588
680.887  1028.95  533.53  772.587
334.713  897.411  289.761  594.279
790.402  732.23  624.968  484.271
1124.6  541.557  888.984  372.729
322.548  704.973  308.241  424.171
654.709  794.906  525.625  528.756
401.164  664.856  366.089  396.691
1149.75  843.423  872.342  616.512
429.183  627.535  392.001  371.129
169.164  948.548  171.344  637.906
800.434  517.511  666.368  325.743
1083.43  420.668  876.331  281.458
850.367  1008.8  653.231  759.473
763.302  587.469  626.688  369.048
441.22  610.596  401.773  357.262
1170.31  612.884  919.741  440.719
547.654  852.129  444.452  571.024
470.056  750.65  410.819  487.81
660.157  819.666  528.068  555.053
791.91  968.851  613.536  712.713
693.77  565.343  584.109  347.359
896.576  1101.95  687.45  866.5
677.902  1047.7  531.286  793.897
659.85  990.644  516.909  722.939
280.081  981.884  242.203  674.804
1040.62  672.052  813.357  465.969
424.967  654.458  384.811  391.98
378.105  790.305  332.026  497.789
472.769  852.606  385.538  554.182
824.986  1031.74  635.071  783.341
326.446  769.356  301.742  479.256
671.117  785.105  537.974  521.041
811.978  968.812  627.74  713.899
927.686  1097.89  709.455  862.987
1173.98  316.002  955.108  221.488
1106.45  544.179  876.054  372.935
560.542  615.61  484.581  375.09
211.165  755.862  225.491  459.203
559.552  981.238  446.193  705.404
769.779  596.899  629.208  376.117
293.814  680.737  289.48  398.938
684.667  811.354  543.49  545.695
742.046  676.011  601.34  436.752
507.804  697.152  435.376  433.945
617.049  567.863  530.842  341.781
791.217  890.57  614.196  629.494
568.156  1060.04  449.845  795.9
1140.79  536.598  901.2  370.583
684.259  1062.53  535.563  808.815
167.761  943.915  170.204  629.56
434.65  604.407  400.163  352.746
1214.65  648.874  937.062  458.754
171.778  793.801  191.77  489.588
577.592  702.627  483.186  445.317
698.913  943.798  542.702  672.653
1149.69  549.19  904.222  380.713
630.101  1086.42  496.207  832.114
588.58  971.183  467.236  699.435
504.88  759.488  428.15  488.749
788.653  725.408  626.76  479.678
485.717  1014.79  390.52  732.862
809.917  747.715  637.947  498.528
263.831  884.695  243.183  577.927
828.943  604.524  672.357  389.692
684.657  699.086  556.845  450.4
471.019  587.657  433.612  355.189
648.923  697.32  533.783  445.337
635.769  1057.55  500.544  798.944
597.237  589.979  512.813  357.687
628.617  1080.89  495.225  828.519
1110.3  698.437  854.756  486.933
1135.87  549.041  897.32  380.649
746.131  907.16  582.296  646.391
611.045  727.352  502.269  467.671
355.576  1021.33  293.6  722.272
548.278  857.855  444.018  575.321
825.215  956.717  637.916  702.4
238.584  465.467  281.727  218.068
688.758  677.704  564.499  433.557
746.48  502.768  630.523  309.253
720.355  780.633  572.441  523.187
822.15  754.071  647.168  506.814
737.423  1010.06  573.49  755.246
674.436  948.054  531.004  681.767
517  1021.26  414.583  745.652
216.208  942.183  200.241  623.996
714.894  469.191  613.021  280.639
660.619  689.696  543.098  440.184
575.704  715.515  479.411  455.086
186.815  644.117  222.126  355.867
929.756  650.729  735.549  432.977
739.245  562.278  613.589  348.373
765.826  764.354  605.503  508.909
642.143  600.985  545.393  372.204
1057.17  420.151  856.788  275.902
686.359  707.846  558.743  457.423
832.785  1007.96  641.516  755.969
537.602  1062.46  427.219  795.961
781.356  941.115  606.22  684.661
1069.07  512.843  853.606  345.118
309.447  1007.13  261.248  705.623
679.694  699.886  553.186  450.887
340.382  903.79  292.096  598.151
832.794  1008.63  642.607  758.382
692.345  1009.93  541.693  748.871
616.161  867.632  492.373  592.393
547.945  852.229  444.282  573.504
1056.98  858.656  802.892  620.62
646.612  687.859  531.914  438.398
1211.64  656.844  934.365  464.443
678.856  1006.57  531.583  747.348
1178.87  312.561  961.957  220.773
1262.5  767.574  961.09  560.622
905.847  1094.59  693.695  861.137
659.652  739.686  534.331  482.669
527.089  874.989  428.936  595.831
769.433  580.63  632.003  365.799
1197.53  915.406  904.348  686.537
1192.28  601.151  929.259  422.507
1143.41  566.2  901.234  394.522
591.676  879.953  471.307  597.239
958.696  917.433  734.492  676.363
591.304  939.41  471.99  664.705
1143.83  577.483  901.268  404.493
1132.83  716.25  872.954  505.643
624.1  965.298  492.383  696.56
534.07  883.483  432.923  599.577
1262.13  802.212  960.321  592.974
906.993  654.84  720.677  435.757
687.303  702.918  560.092  452.912
290.669  770.767  278.068  477.833
561.473  671.947  478.545  423.642
1027.46  198.593  871.253  130.644
220.839  807.07  220.005  495.191
231.176  466.794  280.298  220.326
762.311  749.71  602.457  496.883
678.249  816.441  540.904  549.898
553.007  881.46  449.066  603.475
676.529  897.25  539.32  636.065
543.986  866.166  440.666  582.362
271.388  675.316  274.134  392.607
746.054  490.228  631.002  299.468
527.928  654.854  456.106  398.98
1134.56  701.344  876.198  498.986
896.483  1100.88  687.531  863.782
616.153  895.288  491.177  619.925
383.976  781.378  337.61  494.921
210.961  829.423  213.565  526.319
394.413  632.431  368.338  369.594
654.917  992.491  516.519  727.998
465.201  776.848  398.839  499.618
759.311  586.847  624.429  370.593
426.87  614.781  392.032  362.239
307.213  990.95  262.819  686.537
1047.48  917.542  797.557  677.861
545.292  860.032  442.822  583.341
1221.84  779.92  930.746  566.609
510.047  1045.43  412.054  776.656
719.968  969.213  559.82  701.762
314.713  803.003  288.171  504.378
602.553  1159.7  472.02  915.262
986.162  638.928  776.73  433.437
362.72  1024.47  301.92  730.919
1207.27  650.335  932.323  458.541
672.447  1062.51  527.364  806.496
1162.63  549.021  912.498  376.796
900.213  1099.04  688.488  865.004
205.036  763.305  222.519  466.984
924.703  1098.16  705.725  864.825
781.663  729.195  619.361  483.476
145.422  849.106  170.094  547.424
303.271  1002.39  255.437  698.259
1188.44  599.932  928.427  422.654
535.262  133.515  561.527  57.42
1246.72  774.162  950.071  564.902
680.712  707.47  555.424  456.051
570.251  872.607  458.998  590.82
791.08  934.55  614.309  674.998
1007.65  622.675  792.539  421.324
1088.02  690.042  843.806  479.236
1001.23  875.467  759.132  628.593
1267.43  804.399  962.668  592.667
873.399  978.566  666.051  724.764
1216.39  589.835  948.326  415.99
831.595  1031.44  638.784  784.286
670.488  758.993  538.897  500.29
396.205  583.734  374.805  334.059
673.198  665.982  551.888  422.413
1006.56  613.602  793.781  415.632
532.235  893.609  428.163  611.095
644.278  697.205  532.114  445.093
744.855  799.156  591.836  550.055
554.775  871.387  449.436  589.948
822.559  602.324  668.58  385.797
999.634  633.224  785.8  429.38
1016.02  635.411  798.247  427.496
687.788  819.739  542.079  551.727
681.147  775.643  547.752  513.674
808.158  934.681  627.526  677.72
559.565  675.075  479.146  423.503
538.803  879.074  437.241  595.361
333.399  703.442  312.926  423.659
1247.41  806.327  949.628  594.329
326.409  885.839  284.085  585.4
650.829  966.111  513.616  696.847
1173.75  320.798  958.657  226.11
144.988  563.051  205.604  290.682
1071.21  901.317  814.721  662.245
430.288  607.992  393.506  355.283
536.767  887.914  434.717  603.047
254.362  674.726  267.923  392.688
302.085  160.605  403.062  54.5195
463.864  895.158  380.179  607.609
1163.68  954.797  880.31  723.095
769.486  916.22  600.295  654.875
1161.78  862.529  881.119  639.768
202.805  793.27  216.488  491.983
873.109  802.174  677.816  549.971
946.834  892.334  725.854  642.736
633.779  1061.81  496.126  804.492
806.829  656.186  651.059  426.925
355.222  729.598  328.728  447.077
579.26  872.537  467.263  593.79
151.725  1112.92  149.646  829.865
555.794  880.423  446.531  602.051
788.593  947.103  613.598  689.269
533.048  673.797  456.616  421.049
360.046  699.016  333.118  424.916
729.363  578.533  604.066  361.613
1133.42  635.4  882.829  440.455
1018.3  933.459  776.715  690.851
244.794  645.881  263.522  363.892
252.569  654.066  265.643  376.99
876.102  707.659  687.948  474.998
1115.74  786.072  850.166  563.092
1134.55  961.46  857.928  725.409
402.528  578.206  378.59  328.99
1210.99  648.838  936.035  457.734
823.789  1035.43  635.071  783.341
1056.98  945.506  802.607  703.512
1170.76  911.18  886.275  679.833
805.121  909.34  626.042  650.584
722.836  860.854  569.395  594.444
1245.64  781.884  946.277  575.128
643.526  992.623  505.213  729.556
936.713  873.887  717.95  621.154
675.003  872.437  539.803  609.457
521.489  895.413  423.481  608.461
902.912  1105.78  693.213  869.342
845.576  1062.31  652.108  816.893
1189.95  734.607  912.231  524.329
541.633  682.024  460.104  427.027
587.67  987.73  464.52  718.359
1070.23  897.112  813.717  656.5
1054.35  683.32  820.597  469.249
563.067  652.614  481.356  408.921
656.505  1154.87  511.462  915.541
884.488  860.706  681.134  603.318
671.624  854.67  533.289  583.132
412.029  660.938  377.42  394.089
600.535  589.759  513.496  358.731
207.628  1119.15  190.625  833.583
211.432  762.959  227.629  466.499
213.928  1110.97  192.106  829.077
786.166  930.003  611.557  669.211
232.62  977.675  210.031  661.408
699.589  570.724  584.612  353.583
382.676  644.412  356.324  382.432
1171.93  964.727  886.974  734.038
608.545  1158.67  475.946  915.941
359.182  1020.52  306.363  736.047
595.639  761.205  485.757  496.123
1173.65  960.887  887.936  729.674
548.685  669.379  468.795  421.01
1048.87  403.136  849.374  263.937
583.993  896.495  466.811  613.311
1267.87  803.204  963.307  590.368
542.317  879.442  441.056  596.843
264.458  673.542  275.998  392.997
751.421  583.965  617.533  367.234
1050.92  917.49  799.822  675.463
540.738  626.161  467.99  383.428
356.956  770.608  324.78  482.262
406.196  576.435  380.889  328.129
562.87  641.331  485.879  394.699
1272.59  801.966  966.944  589.845
1141.27  503.044  908.555  345.98
1142.18  833.288  869.084  603.152
785.785  765.96  621.352  511.679
1024.69  927.747  781.693  684.943
424.336  860.587  359.654  567.771
610.393  720.025  507.013  461.412
1125.41  671.166  871.732  464.891
666.552  1046.39  521.108  792.745
519.787  909.11  422.019  622.517
316.861  695.486  311.413  420.521
951.016  1083.92  730.538  851.125
1131.95  557.197  893.743  383.071
398.378  830.059  343.144  533.965
792.623  785.774  624.019  529.218
1273.47  808.13  967.665  595.831
769.281  584.382  629.276  368.658
1056.66  679.951  819.593  471.965
695.409  749.574  555.757  493.884
910.896  1099.77  696.851  869.924
1122.45  935.538  851.051  699.157
265.117  747.549  265.719  455.428
122.798  565.323  187.972  288.276
751.791  978.4  590.536  724.577
294.913  899.788  263.652  591.422
1129.63  671.327  874.421  464.738
340.53  907.492  292.096  598.151
655.624  989.281  514.064  716.446
555.002  623.237  478.067  382.657
793.466  847.436  619.165  584.755
579.479  865.651  469.314  587.75
1068.15  960.693  811.482  720.235
1159.63  854.257  878.136  620.126
1004.69  616.191  790.569  417.298
608.98  982.194  481.985  706.578
1182.42  740.605  905.445  526.396
193.038  606.909  233.878  337.1
506.473  581.643  448.887  342.705
1014.91  933.791  774.456  689.596
1071.37  961.124  813.399  720.157
1076.67  938.075  817.646  697.15
772.452  943.52  603.222  684.086
1205.13  339.466  976.834  238.601
889.431  843.25  687.09  588.247
764.935  885.888  600.579  625.424
731.899  1027.39  566.465  761.551
1148.26  936.863  868.591  700.554
1052.88  496.603  846.716  330.987
965.095  628.315  760.242  421.822
538.514  875.569  438.361  591.251
773.438  590.976  631.98  375.814
701.038  785.902  557.462  529.285
803.169  934.244  625.19  676.374
964.59  658.121  757.12  446.572
655.529  842.428  524.758  571.706
547.725  616.638  473.879  377.087
386.816  934.079  323.775  630.889
167.281  748.707  195.907  456.054
205.115  869.645  206.822  557.888
678.845  947.506  537.283  681.847
1052.62  664.801  821.228  464.218
399.991  859.529  341.775  561.914
744.052  970.56  574.396  697.367
920.278  850.645  705.453  605.092
1000.82  649.092  781.578  439.977
1271.87  812.64  966.651  599.383
211.714  641.243  241.791  354.829
1175.88  935.504  888.214  700.556
207.186  1105  188.146  824.312
1184.38  539.337  933.085  374.06
1139.36  665.454  884.749  464.025
876.344  584.092  700.909  375.549
753.963  775.798  593.855  522.702
1086.21  198.597  918.418  137.392
1256.1  896.843  951.896  676.043
661.188  760.356  530.75  501.456
1119.68  905.577  848.693  666.649
962.003  901.713  733.394  646.211
1214.69  649.215  938.458  455.997
306.978  995.084  262.998  687.737
1208.12  931.154  911.448  698.324
1131.71  788.176  866.117  562.714
1281.43  881.46  969.474  661.54
569.367  873.445  461.075  592.326
686  920.525  540.281  648.524
706.522  767.41  560.059  509.447
1119.4  901.715  849.024  663.094
1082.48  569.53  855.307  396.083
735.371  759.388  580.835  504.65
504.784  901.696  410.919  610.225
1135.59  734.564  873.338  516.946
1092.5  483.964  877.244  326.183
542.648  755.049  459.903  490.261
634.907  653.071  528.003  413.635
647.719  979.007  507.186  715.609
741.281  712.639  598.941  464.701
731.581  661.488  598.765  422.301
674.99  990.771  527.189  732.029
1140.83  976.323  864.539  741.421
356.62  1023.4  302.395  732.78
187.868  200.324  323.485  63.1692
595.734  501.589  522.416  292.657
775.881  727.432  622.444  481.516
559.867  1051.96  440.455  786.696
1206.1  714.563  925.653  506.628
130.013  797.665  169.404  508.81
402.754  582.766  376.537  333.541
179.068  941.44  176.069  616.454
1294.89  791.062  988.672  586.862
590.745  971.395  466.246  702.346
312.703  930.347  275.762  625.707
1117.82  933.88  847.839  695.132
708.029  803.715  555.925  540.167
428.245  611.113  392.032  362.239
991.267  858.359  759.842  611.072
405.9  656.432  376.022  390.213
317.361  904.633  278.942  595.795
896.821  596.585  712.694  387.12
1249.25  510.152  983.718  359.191
1032.82  789.1  787.174  556.6
1211.82  333.715  982.297  233.51
811.073  691.877  641.133  455.203
1145.1  814.523  873.612  585.669
412.494  596.582  385.824  353.351
1187.71  546.22  943.342  389.774
391.755  789.091  350.987  506.162
1275.75  808.052  969.53  593.739
1297.18  825.813  986.314  614.65
479.748  1042.19  392.533  768.335
731.874  741.044  580.391  489.821
1145.97  682.597  887.146  476.028
948.86  927.072  725.286  688.396
1071.97  870.246  817.727  629.857
184.667  695.48  223.786  410.208
856.696  1078.35  661.713  834.503
790.76  879.205  619.223  618.397
1048.74  927.401  795.34  677.942
595.258  707.097  491.059  451.973
215.984  787.089  228.414  486.087
1125.23  572.246  886.329  389.684
1206.3  665.343  932.685  468.753
841.204  156.953  755.622  96.9927
488.922  564.143  434.254  322.245
874.461  532.874  723.913  347.153
767.303  1003.14  592.94  753.983
1163.34  736.039  893.756  520.132
1240.31  578.649  973.425  414.01
1117.68  960.474  847.239  720.77
1118.42  966.507  847.35  726.469
738.095  825.681  584.672  560.987
548.363  955.005  439.005  667.414
640.394  993.827  498.28  727.581
1045.61  921.302  798.725  679.257
1069.09  943.004  813.865  701.055
581.516  813.061  468.976  543.178
1174.18  965.151  889.462  731.888
1076.21  460.005  867.914  303.909
1232.47  887.899  935.29  663.354
1263.63  874.851  958.269  653.575
922.156  680.623  721.615  459.334
718.588  395.926  625.615  234.127
1118.65  899.002  849.628  659.706
592.795  988.621  470.816  709.398
545.959  643.799  468.684  401.606
1251.64  507.639  985.333  355.778
624.567  672.79  528.465  428.008
1150.92  680.954  891.704  475.185
405.534  854.669  338.828  562.298
1105.08  924.401  838.889  682.804
1157.07  755.852  887.853  535.87
269.381  388.093  323.947  186.52
901.074  842.742  696.85  587.224
1079.85  272.539  896.961  174.497
620.656  1083.46  485.096  832.56
381.912  822.826  335.352  525.625
476.23  612.052  422.64  366.426
920.522  1093.51  700.266  862.568
875.601  606.076  698.958  397.969
849.951  1074.54  653.033  821.707
1196.14  870.416  905.783  637.113
1052.03  878.129  795.703  642.591
580.141  711.671  477.346  452.034
681.63  217.512  632.912  115.407
718.611  517.736  609.572  306.959
833.505  1059.83  637.016  818.462
572.78  707.365  487.233  449.618
563.085  705.588  463.887  441.815
1195.71  765.903  915.856  548.852
1247.59  513.925  983.34  361.101
646.253  989.708  505.213  729.556
219.991  1045.01  192.45  744.858
506.275  589.259  446.958  352.38
696.42  812.731  557.449  545.34
660.364  909.535  519.465  648.201
396.826  481.7  386.268  255.862
1094.49  487.164  879.189  326.637
1158.14  757.753  889.569  538.067
356.892  998.237  294.887  708.958
1059.81  558.587  848.739  380.184
680.836  893.055  542.384  623.12
96.5605  719.996  157.403  440.076
566.781  1007.57  441.512  732.636
1039.75  578.998  828.861  388.955
761.441  850.817  590.862  593.722
150.626  563.794  275.11  386.864
1199.97  280.423  987.491  201.162
741.005  602.322  615.601  375.838
979.441  666.864  771.221  444.834
567.198  707.741  483.577  448.616
560.274  1105.93  449.308  845.044
1188.28  944.456  898.805  707.881
333.658  753.888  315.183  465.721
1158.92  754.405  889.807  533.433
393.34  1052.25  327.667  763.96
639.422  905.586  499.803  635.624
964.866  702.318  761.097  477.813
529.581  526.483  486.421  305.47
795.669  886.442  610.471  628.107
833.343  1030.33  636.476  786.506
186.389  878.814  197.024  565.907
785.137  941.747  613.118  677.702
551.393  624.163  472.71  385.868
317.893  1013.39  275.745  713.03
1147.79  679.95  890.674  472.556
1217.07  708.522  936.51  501.222
378.203  805.631  332.975  503.507
345.146  752.696  325.883  466.001
